$MeshFormat
2.2 0 8
$EndMeshFormat
$Nodes
289
1 -1 -1 0
2 -0.1971 -1 0
3 1 -1 0
4 1 0 0
5 1 1 0
6 0.1971 1 0
7 -1 1 0
8 0 0 0
9 -1 0 0
10 -0.7992750000004012 -1 0
11 -0.5985500000009971 -1 0
12 -0.3978250000005095 -1 0
13 -0.8996375000002006 -1 0
14 -0.6989125000006992 -1 0
15 -0.4981875000007533 -1 0
16 -0.2974625000002548 -1 0
17 0.1021749999992688 -1 0
18 0.4014499999983914 -1 0
19 0.7007249999991849 -1 0
20 -0.0474625000003656 -1 0
21 0.2518124999988301 -1 0
22 0.5510874999987881 -1 0
23 0.8503624999995925 -1 0
24 1 -0.7500000000003471 0
25 1 -0.5000000000020595 0
26 1 -0.2500000000010405 0
27 1 -0.8750000000001735 0
28 1 -0.6250000000012033 0
29 1 -0.37500000000155 0
30 1 -0.1250000000005203 0
31 1 0.2499999999994109 0
32 1 0.4999999999986921 0
33 1 0.7499999999993406 0
34 1 0.1249999999997054 0
35 1 0.3749999999990515 0
36 1 0.6249999999990163 0
37 1 0.8749999999996703 0
38 0.7992750000004012 1 0
39 0.5985500000009971 1 0
40 0.3978250000005095 1 0
41 0.8996375000002006 1 0
42 0.6989125000006992 1 0
43 0.4981875000007533 1 0
44 0.2974625000002548 1 0
45 -0.1021749999992688 1 0
46 -0.4014499999983914 1 0
47 -0.7007249999991849 1 0
48 0.0474625000003656 1 0
49 -0.2518124999988301 1 0
50 -0.5510874999987881 1 0
51 -0.8503624999995925 1 0
52 -1 0.7500000000003471 0
53 -1 0.5000000000020595 0
54 -1 0.2500000000010405 0
55 -1 0.8750000000001735 0
56 -1 0.6250000000012033 0
57 -1 0.37500000000155 0
58 -1 0.1250000000005203 0
59 -1 -0.2499999999994109 0
60 -1 -0.4999999999986921 0
61 -1 -0.7499999999993406 0
62 -1 -0.1249999999997054 0
63 -1 -0.3749999999990515 0
64 -1 -0.6249999999990163 0
65 -1 -0.8749999999996703 0
66 -0.14782500000007 -0.7500000000003551 0
67 -0.09855000000040054 -0.5000000000020322 0
68 -0.04927500000020241 -0.250000000001027 0
69 -0.172462500000035 -0.8750000000001775 0
70 -0.1231875000002353 -0.6250000000011936 0
71 -0.07391250000030147 -0.3750000000015296 0
72 -0.0246375000001012 -0.1250000000005135 0
73 0.04927499999988411 0.249999999999412 0
74 0.09854999999974264 0.4999999999986943 0
75 0.1478249999998703 0.7499999999993419 0
76 0.02463749999994206 0.124999999999706 0
77 0.07391249999981338 0.3749999999990532 0
78 0.1231874999998065 0.6249999999990181 0
79 0.1724624999999352 0.8749999999996709 0
80 -0.7500000000003471 0 0
81 -0.5000000000020595 0 0
82 -0.2500000000010405 0 0
83 -0.8750000000001735 0 0
84 -0.6250000000012033 0 0
85 -0.37500000000155 0 0
86 -0.1250000000005203 0 0
87 0.2499999999994109 0 0
88 0.4999999999986921 0 0
89 0.7499999999993406 0 0
90 0.1249999999997054 0 0
91 0.3749999999990515 0 0
92 0.6249999999990163 0 0
93 0.8749999999996703 0 0
94 -0.786956250000405 -0.7499999999995943 0
95 -0.7746375000004742 -0.499999999999527 0
96 -0.7623187500004114 -0.2499999999998149 0
97 -0.5739125000012975 -0.7499999999998479 0
98 -0.5492750000017286 -0.5000000000003622 0
99 -0.524637500001895 -0.2500000000002189 0
100 -0.3608687500006946 -0.7500000000001015 0
101 -0.3239125000010754 -0.5000000000011973 0
102 -0.2869562500010596 -0.250000000000623 0
103 -0.7931156250004031 -0.8749999999997972 0
104 -0.8934781250002025 -0.7499999999994675 0
105 -0.8965578125002016 -0.8749999999997337 0
106 -0.7807968750004396 -0.6249999999995607 0
107 -0.8873187500002371 -0.4999999999991096 0
108 -0.8903984375002199 -0.6249999999992886 0
109 -0.7684781250004428 -0.3749999999996709 0
110 -0.8811593750002057 -0.2499999999996129 0
111 -0.8842390625002214 -0.3749999999993612 0
112 -0.7561593750003792 -0.1249999999999075 0
113 -0.8780796875001896 -0.1249999999998065 0
114 -0.5862312500011473 -0.874999999999924 0
115 -0.6804343750008512 -0.7499999999997211 0
116 -0.6896734375007751 -0.8749999999998606 0
117 -0.561593750001513 -0.625000000000105 0
118 -0.6619562500011014 -0.4999999999999446 0
119 -0.6711953125009763 -0.6249999999998328 0
120 -0.5369562500018118 -0.3750000000002906 0
121 -0.6434781250011532 -0.2500000000000169 0
122 -0.6527171875011273 -0.3749999999999807 0
123 -0.5123187500019772 -0.1250000000001094 0
124 -0.6342390625011782 -0.1250000000000084 0
125 -0.3793468750006021 -0.8750000000000507 0
126 -0.467390625000996 -0.7499999999999747 0
127 -0.4827890625008747 -0.8749999999999873 0
128 -0.342390625000885 -0.6250000000006494 0
129 -0.436593750001402 -0.5000000000007797 0
130 -0.451992187501199 -0.6250000000003773 0
131 -0.3054343750010675 -0.3750000000009102 0
132 -0.4057968750014773 -0.2500000000004209 0
133 -0.4211953125014397 -0.3750000000006004 0
134 -0.2684781250010501 -0.1250000000003115 0
135 -0.3903984375015137 -0.1250000000002105 0
136 -0.2543468750003823 -0.7500000000002283 0
137 -0.2759046875003186 -0.8750000000001141 0
138 -0.211231250000738 -0.5000000000016147 0
139 -0.2327890625005601 -0.6250000000009215 0
140 -0.168115625000631 -0.250000000000825 0
141 -0.1896734375006845 -0.3750000000012199 0
142 -0.1465578125005757 -0.1250000000004125 0
143 0.1391312499992519 -0.7500000000003531 0
144 0.1760874999990395 -0.500000000002039 0
145 0.2130437499992236 -0.2500000000010303 0
146 0.4260874999984317 -0.7500000000003511 0
147 0.4507249999983416 -0.5000000000020457 0
148 0.4753624999985157 -0.2500000000010337 0
149 0.7130437499992063 -0.7500000000003491 0
150 0.7253624999991626 -0.5000000000020526 0
151 0.7376812499992511 -0.2500000000010372 0
152 0.1206531249992603 -0.8750000000001765 0
153 -0.004346875000409062 -0.7500000000003541 0
154 -0.02590468750038733 -0.875000000000177 0
155 0.1576093749991457 -0.625000000001196 0
156 0.03876874999931948 -0.5000000000020356 0
157 0.01721093749945521 -0.6250000000011948 0
158 0.1945656249991316 -0.3750000000015347 0
159 0.0818843749995106 -0.2500000000010286 0
160 0.06032656249941504 -0.3750000000015321 0
161 0.2315218749993173 -0.1250000000005151 0
162 0.103442187499608 -0.1250000000005143 0
163 0.4137687499984116 -0.8750000000001755 0
164 0.2826093749988418 -0.7500000000003521 0
165 0.267210937498836 -0.875000000000176 0
166 0.4384062499983866 -0.6250000000011984 0
167 0.3134062499986905 -0.5000000000020424 0
168 0.2980078124987662 -0.6250000000011973 0
169 0.4630437499984287 -0.3750000000015397 0
170 0.3442031249988696 -0.250000000001032 0
171 0.3288046874987801 -0.3750000000015372 0
172 0.4876812499986039 -0.1250000000005168 0
173 0.3596015624989606 -0.125000000000516 0
174 0.7068843749991955 -0.8750000000001745 0
175 0.569565624998819 -0.7500000000003501 0
176 0.5603265624988036 -0.875000000000175 0
177 0.7192031249991844 -0.6250000000012008 0
178 0.5880437499987521 -0.5000000000020491 0
179 0.5788046874987856 -0.6250000000011995 0
180 0.7315218749992068 -0.3750000000015449 0
181 0.6065218749988834 -0.2500000000010355 0
182 0.5972828124988178 -0.3750000000015423 0
183 0.7438406249992959 -0.1250000000005186 0
184 0.6157609374989499 -0.1250000000005177 0
185 0.8565218749996031 -0.7500000000003481 0
186 0.8534421874995978 -0.8750000000001741 0
187 0.8626812499995813 -0.500000000002056 0
188 0.8596015624995922 -0.625000000001202 0
189 0.8688406249996256 -0.2500000000010388 0
190 0.8657609374996034 -0.3750000000015474 0
191 0.8719203124996479 -0.1250000000005194 0
192 0.2869562499995986 0.2499999999994118 0
193 0.3239124999997672 0.4999999999986938 0
194 0.3608687500001375 0.7499999999993415 0
195 0.5246374999992103 0.2499999999994115 0
196 0.5492749999997161 0.4999999999986932 0
197 0.5739125000003559 0.7499999999993414 0
198 0.7623187499995768 0.2499999999994112 0
199 0.7746374999998067 0.4999999999986927 0
200 0.7869562500001036 0.7499999999993408 0
201 0.2684781249995047 0.1249999999997059 0
202 0.1681156249997414 0.2499999999994119 0
203 0.1465578124997234 0.124999999999706 0
204 0.3054343749996829 0.3749999999990528 0
205 0.2112312499997549 0.499999999998694 0
206 0.1896734374997482 0.374999999999053 0
207 0.3423906249999523 0.6249999999990177 0
208 0.2543468750000039 0.7499999999993416 0
209 0.2327890624998794 0.6249999999990179 0
210 0.3793468750003235 0.8749999999996707 0
211 0.2759046875001294 0.8749999999996708 0
212 0.5123187499989512 0.1249999999997058 0
213 0.4057968749994044 0.2499999999994116 0
214 0.3903984374992279 0.1249999999997058 0
215 0.5369562499994631 0.3749999999990524 0
216 0.4365937499997417 0.4999999999986935 0
217 0.421195312499573 0.3749999999990525 0
218 0.561593750000036 0.6249999999990173 0
219 0.4673906250002467 0.7499999999993414 0
220 0.4519921874999942 0.6249999999990175 0
221 0.5862312500006766 0.8749999999996707 0
222 0.4827890625005 0.8749999999996707 0
223 0.7561593749994587 0.1249999999997056 0
224 0.6434781249993935 0.2499999999994114 0
225 0.6342390624992049 0.1249999999997057 0
226 0.7684781249996917 0.374999999999052 0
227 0.6619562499997613 0.4999999999986929 0
228 0.6527171874995774 0.3749999999990522 0
229 0.7807968749999552 0.6249999999990168 0
230 0.6804343750002297 0.7499999999993411 0
231 0.6711953124999955 0.624999999999017 0
232 0.7931156250002525 0.8749999999996704 0
233 0.6896734375004645 0.8749999999996705 0
234 0.8811593749997884 0.249999999999411 0
235 0.8780796874997293 0.1249999999997055 0
236 0.8873187499999033 0.4999999999986924 0
237 0.8842390624998459 0.3749999999990518 0
238 0.8934781250000519 0.7499999999993408 0
239 0.8903984374999776 0.6249999999990166 0
240 0.8965578125001262 0.8749999999996704 0
241 -0.2130437500006845 0.2499999999998191 0
242 -0.4753625000012004 0.2500000000002263 0
243 -0.7376812500000857 0.2500000000006334 0
244 -0.1760875000003477 0.4999999999995354 0
245 -0.4507250000003541 0.5000000000003768 0
246 -0.7253624999998303 0.5000000000012181 0
247 -0.139131249999809 0.7499999999995932 0
248 -0.4260874999993733 0.7499999999998446 0
249 -0.7130437499995078 0.7500000000000959 0
250 -0.0818843750004002 0.2499999999996155 0
251 -0.2315218750008625 0.1249999999999095 0
252 -0.1034421875004602 0.1249999999998078 0
253 -0.3442031250009425 0.2500000000000227 0
254 -0.4876812500016299 0.1250000000001132 0
255 -0.3596015625012462 0.1250000000000114 0
256 -0.606521875000643 0.2500000000004299 0
257 -0.7438406250002163 0.1250000000003167 0
258 -0.6157609375009232 0.1250000000002149 0
259 -0.8688406250000429 0.2500000000008369 0
260 -0.8719203125001082 0.1250000000004185 0
261 -0.03876875000030253 0.4999999999991149 0
262 -0.1945656250005161 0.3749999999996773 0
263 -0.06032656250035137 0.3749999999993652 0
264 -0.3134062500003509 0.4999999999999562 0
265 -0.4630437500007772 0.3750000000003015 0
266 -0.3288046875006467 0.3749999999999894 0
267 -0.5880437500000921 0.5000000000007975 0
268 -0.7315218749999579 0.3750000000009258 0
269 -0.5972828125003676 0.3750000000006136 0
270 -0.8626812499999151 0.5000000000016388 0
271 -0.865760937499979 0.3750000000012379 0
272 0.004346875000030656 0.7499999999994675 0
273 -0.1576093750000784 0.6249999999995644 0
274 -0.01721093750013594 0.6249999999992912 0
275 -0.2826093749995912 0.7499999999997189 0
276 -0.4384062499998637 0.6250000000001107 0
277 -0.298007812499971 0.6249999999998375 0
278 -0.5695656249994405 0.7499999999999703 0
279 -0.7192031249996691 0.625000000000657 0
280 -0.5788046874997663 0.6250000000003838 0
281 -0.8565218749997539 0.7500000000002215 0
282 -0.8596015624998346 0.6250000000009301 0
283 -0.1206531249995389 0.8749999999997966 0
284 0.02590468750019813 0.8749999999997338 0
285 -0.4137687499988824 0.8749999999999223 0
286 -0.2672109374992107 0.8749999999998595 0
287 -0.7068843749993463 0.875000000000048 0
288 -0.5603265624991144 0.8749999999999851 0
289 -0.8534421874996732 0.8750000000001108 0
$EndNodes
$Elements
361
1 15 2 101 1 1
2 15 2 101 2 2
3 15 2 101 3 3
4 15 2 101 4 4
5 15 2 101 5 5
6 15 2 101 6 6
7 15 2 101 7 7
8 15 2 21 8 8
9 15 2 101 9 9
10 1 2 101 1 1 13
11 1 2 101 1 13 10
12 1 2 101 1 10 14
13 1 2 101 1 14 11
14 1 2 101 1 11 15
15 1 2 101 1 15 12
16 1 2 101 1 12 16
17 1 2 101 1 16 2
18 1 2 101 2 2 20
19 1 2 101 2 20 17
20 1 2 101 2 17 21
21 1 2 101 2 21 18
22 1 2 101 2 18 22
23 1 2 101 2 22 19
24 1 2 101 2 19 23
25 1 2 101 2 23 3
26 1 2 101 3 3 27
27 1 2 101 3 27 24
28 1 2 101 3 24 28
29 1 2 101 3 28 25
30 1 2 101 3 25 29
31 1 2 101 3 29 26
32 1 2 101 3 26 30
33 1 2 101 3 30 4
34 1 2 101 4 4 34
35 1 2 101 4 34 31
36 1 2 101 4 31 35
37 1 2 101 4 35 32
38 1 2 101 4 32 36
39 1 2 101 4 36 33
40 1 2 101 4 33 37
41 1 2 101 4 37 5
42 1 2 101 5 5 41
43 1 2 101 5 41 38
44 1 2 101 5 38 42
45 1 2 101 5 42 39
46 1 2 101 5 39 43
47 1 2 101 5 43 40
48 1 2 101 5 40 44
49 1 2 101 5 44 6
50 1 2 101 6 6 48
51 1 2 101 6 48 45
52 1 2 101 6 45 49
53 1 2 101 6 49 46
54 1 2 101 6 46 50
55 1 2 101 6 50 47
56 1 2 101 6 47 51
57 1 2 101 6 51 7
58 1 2 101 7 7 55
59 1 2 101 7 55 52
60 1 2 101 7 52 56
61 1 2 101 7 56 53
62 1 2 101 7 53 57
63 1 2 101 7 57 54
64 1 2 101 7 54 58
65 1 2 101 7 58 9
66 1 2 101 8 9 62
67 1 2 101 8 62 59
68 1 2 101 8 59 63
69 1 2 101 8 63 60
70 1 2 101 8 60 64
71 1 2 101 8 64 61
72 1 2 101 8 61 65
73 1 2 101 8 65 1
74 1 2 26 9 2 69
75 1 2 26 9 69 66
76 1 2 26 9 66 70
77 1 2 26 9 70 67
78 1 2 26 9 67 71
79 1 2 26 9 71 68
80 1 2 26 9 68 72
81 1 2 26 9 72 8
82 1 2 26 10 8 76
83 1 2 26 10 76 73
84 1 2 26 10 73 77
85 1 2 26 10 77 74
86 1 2 26 10 74 78
87 1 2 26 10 78 75
88 1 2 26 10 75 79
89 1 2 26 10 79 6
90 1 2 26 11 9 83
91 1 2 26 11 83 80
92 1 2 26 11 80 84
93 1 2 26 11 84 81
94 1 2 26 11 81 85
95 1 2 26 11 85 82
96 1 2 26 11 82 86
97 1 2 26 11 86 8
98 1 2 26 12 8 90
99 1 2 26 12 90 87
100 1 2 26 12 87 91
101 1 2 26 12 91 88
102 1 2 26 12 88 92
103 1 2 26 12 92 89
104 1 2 26 12 89 93
105 1 2 26 12 93 4
106 3 2 2 14 1 13 105 65
107 3 2 2 14 13 10 103 105
108 3 2 2 14 105 103 94 104
109 3 2 2 14 65 105 104 61
110 3 2 2 14 61 104 108 64
111 3 2 2 14 104 94 106 108
112 3 2 2 14 108 106 95 107
113 3 2 2 14 64 108 107 60
114 3 2 2 14 60 107 111 63
115 3 2 2 14 107 95 109 111
116 3 2 2 14 111 109 96 110
117 3 2 2 14 63 111 110 59
118 3 2 2 14 59 110 113 62
119 3 2 2 14 110 96 112 113
120 3 2 2 14 113 112 80 83
121 3 2 2 14 62 113 83 9
122 3 2 2 14 10 14 116 103
123 3 2 2 14 14 11 114 116
124 3 2 2 14 116 114 97 115
125 3 2 2 14 103 116 115 94
126 3 2 2 14 94 115 119 106
127 3 2 2 14 115 97 117 119
128 3 2 2 14 119 117 98 118
129 3 2 2 14 106 119 118 95
130 3 2 2 14 95 118 122 109
131 3 2 2 14 118 98 120 122
132 3 2 2 14 122 120 99 121
133 3 2 2 14 109 122 121 96
134 3 2 2 14 96 121 124 112
135 3 2 2 14 121 99 123 124
136 3 2 2 14 124 123 81 84
137 3 2 2 14 112 124 84 80
138 3 2 2 14 11 15 127 114
139 3 2 2 14 15 12 125 127
140 3 2 2 14 127 125 100 126
141 3 2 2 14 114 127 126 97
142 3 2 2 14 97 126 130 117
143 3 2 2 14 126 100 128 130
144 3 2 2 14 130 128 101 129
145 3 2 2 14 117 130 129 98
146 3 2 2 14 98 129 133 120
147 3 2 2 14 129 101 131 133
148 3 2 2 14 133 131 102 132
149 3 2 2 14 120 133 132 99
150 3 2 2 14 99 132 135 123
151 3 2 2 14 132 102 134 135
152 3 2 2 14 135 134 82 85
153 3 2 2 14 123 135 85 81
154 3 2 2 14 12 16 137 125
155 3 2 2 14 16 2 69 137
156 3 2 2 14 137 69 66 136
157 3 2 2 14 125 137 136 100
158 3 2 2 14 100 136 139 128
159 3 2 2 14 136 66 70 139
160 3 2 2 14 139 70 67 138
161 3 2 2 14 128 139 138 101
162 3 2 2 14 101 138 141 131
163 3 2 2 14 138 67 71 141
164 3 2 2 14 141 71 68 140
165 3 2 2 14 131 141 140 102
166 3 2 2 14 102 140 142 134
167 3 2 2 14 140 68 72 142
168 3 2 2 14 142 72 8 86
169 3 2 2 14 134 142 86 82
170 3 2 3 16 2 20 154 69
171 3 2 3 16 20 17 152 154
172 3 2 3 16 154 152 143 153
173 3 2 3 16 69 154 153 66
174 3 2 3 16 66 153 157 70
175 3 2 3 16 153 143 155 157
176 3 2 3 16 157 155 144 156
177 3 2 3 16 70 157 156 67
178 3 2 3 16 67 156 160 71
179 3 2 3 16 156 144 158 160
180 3 2 3 16 160 158 145 159
181 3 2 3 16 71 160 159 68
182 3 2 3 16 68 159 162 72
183 3 2 3 16 159 145 161 162
184 3 2 3 16 162 161 87 90
185 3 2 3 16 72 162 90 8
186 3 2 3 16 17 21 165 152
187 3 2 3 16 21 18 163 165
188 3 2 3 16 165 163 146 164
189 3 2 3 16 152 165 164 143
190 3 2 3 16 143 164 168 155
191 3 2 3 16 164 146 166 168
192 3 2 3 16 168 166 147 167
193 3 2 3 16 155 168 167 144
194 3 2 3 16 144 167 171 158
195 3 2 3 16 167 147 169 171
196 3 2 3 16 171 169 148 170
197 3 2 3 16 158 171 170 145
198 3 2 3 16 145 170 173 161
199 3 2 3 16 170 148 172 173
200 3 2 3 16 173 172 88 91
201 3 2 3 16 161 173 91 87
202 3 2 3 16 18 22 176 163
203 3 2 3 16 22 19 174 176
204 3 2 3 16 176 174 149 175
205 3 2 3 16 163 176 175 146
206 3 2 3 16 146 175 179 166
207 3 2 3 16 175 149 177 179
208 3 2 3 16 179 177 150 178
209 3 2 3 16 166 179 178 147
210 3 2 3 16 147 178 182 169
211 3 2 3 16 178 150 180 182
212 3 2 3 16 182 180 151 181
213 3 2 3 16 169 182 181 148
214 3 2 3 16 148 181 184 172
215 3 2 3 16 181 151 183 184
216 3 2 3 16 184 183 89 92
217 3 2 3 16 172 184 92 88
218 3 2 3 16 19 23 186 174
219 3 2 3 16 23 3 27 186
220 3 2 3 16 186 27 24 185
221 3 2 3 16 174 186 185 149
222 3 2 3 16 149 185 188 177
223 3 2 3 16 185 24 28 188
224 3 2 3 16 188 28 25 187
225 3 2 3 16 177 188 187 150
226 3 2 3 16 150 187 190 180
227 3 2 3 16 187 25 29 190
228 3 2 3 16 190 29 26 189
229 3 2 3 16 180 190 189 151
230 3 2 3 16 151 189 191 183
231 3 2 3 16 189 26 30 191
232 3 2 3 16 191 30 4 93
233 3 2 3 16 183 191 93 89
234 3 2 1 18 8 90 203 76
235 3 2 1 18 90 87 201 203
236 3 2 1 18 203 201 192 202
237 3 2 1 18 76 203 202 73
238 3 2 1 18 73 202 206 77
239 3 2 1 18 202 192 204 206
240 3 2 1 18 206 204 193 205
241 3 2 1 18 77 206 205 74
242 3 2 1 18 74 205 209 78
243 3 2 1 18 205 193 207 209
244 3 2 1 18 209 207 194 208
245 3 2 1 18 78 209 208 75
246 3 2 1 18 75 208 211 79
247 3 2 1 18 208 194 210 211
248 3 2 1 18 211 210 40 44
249 3 2 1 18 79 211 44 6
250 3 2 1 18 87 91 214 201
251 3 2 1 18 91 88 212 214
252 3 2 1 18 214 212 195 213
253 3 2 1 18 201 214 213 192
254 3 2 1 18 192 213 217 204
255 3 2 1 18 213 195 215 217
256 3 2 1 18 217 215 196 216
257 3 2 1 18 204 217 216 193
258 3 2 1 18 193 216 220 207
259 3 2 1 18 216 196 218 220
260 3 2 1 18 220 218 197 219
261 3 2 1 18 207 220 219 194
262 3 2 1 18 194 219 222 210
263 3 2 1 18 219 197 221 222
264 3 2 1 18 222 221 39 43
265 3 2 1 18 210 222 43 40
266 3 2 1 18 88 92 225 212
267 3 2 1 18 92 89 223 225
268 3 2 1 18 225 223 198 224
269 3 2 1 18 212 225 224 195
270 3 2 1 18 195 224 228 215
271 3 2 1 18 224 198 226 228
272 3 2 1 18 228 226 199 227
273 3 2 1 18 215 228 227 196
274 3 2 1 18 196 227 231 218
275 3 2 1 18 227 199 229 231
276 3 2 1 18 231 229 200 230
277 3 2 1 18 218 231 230 197
278 3 2 1 18 197 230 233 221
279 3 2 1 18 230 200 232 233
280 3 2 1 18 233 232 38 42
281 3 2 1 18 221 233 42 39
282 3 2 1 18 89 93 235 223
283 3 2 1 18 93 4 34 235
284 3 2 1 18 235 34 31 234
285 3 2 1 18 223 235 234 198
286 3 2 1 18 198 234 237 226
287 3 2 1 18 234 31 35 237
288 3 2 1 18 237 35 32 236
289 3 2 1 18 226 237 236 199
290 3 2 1 18 199 236 239 229
291 3 2 1 18 236 32 36 239
292 3 2 1 18 239 36 33 238
293 3 2 1 18 229 239 238 200
294 3 2 1 18 200 238 240 232
295 3 2 1 18 238 33 37 240
296 3 2 1 18 240 37 5 41
297 3 2 1 18 232 240 41 38
298 3 2 2 20 8 76 252 86
299 3 2 2 20 76 73 250 252
300 3 2 2 20 252 250 241 251
301 3 2 2 20 86 252 251 82
302 3 2 2 20 82 251 255 85
303 3 2 2 20 251 241 253 255
304 3 2 2 20 255 253 242 254
305 3 2 2 20 85 255 254 81
306 3 2 2 20 81 254 258 84
307 3 2 2 20 254 242 256 258
308 3 2 2 20 258 256 243 257
309 3 2 2 20 84 258 257 80
310 3 2 2 20 80 257 260 83
311 3 2 2 20 257 243 259 260
312 3 2 2 20 260 259 54 58
313 3 2 2 20 83 260 58 9
314 3 2 2 20 73 77 263 250
315 3 2 2 20 77 74 261 263
316 3 2 2 20 263 261 244 262
317 3 2 2 20 250 263 262 241
318 3 2 2 20 241 262 266 253
319 3 2 2 20 262 244 264 266
320 3 2 2 20 266 264 245 265
321 3 2 2 20 253 266 265 242
322 3 2 2 20 242 265 269 256
323 3 2 2 20 265 245 267 269
324 3 2 2 20 269 267 246 268
325 3 2 2 20 256 269 268 243
326 3 2 2 20 243 268 271 259
327 3 2 2 20 268 246 270 271
328 3 2 2 20 271 270 53 57
329 3 2 2 20 259 271 57 54
330 3 2 2 20 74 78 274 261
331 3 2 2 20 78 75 272 274
332 3 2 2 20 274 272 247 273
333 3 2 2 20 261 274 273 244
334 3 2 2 20 244 273 277 264
335 3 2 2 20 273 247 275 277
336 3 2 2 20 277 275 248 276
337 3 2 2 20 264 277 276 245
338 3 2 2 20 245 276 280 267
339 3 2 2 20 276 248 278 280
340 3 2 2 20 280 278 249 279
341 3 2 2 20 267 280 279 246
342 3 2 2 20 246 279 282 270
343 3 2 2 20 279 249 281 282
344 3 2 2 20 282 281 52 56
345 3 2 2 20 270 282 56 53
346 3 2 2 20 75 79 284 272
347 3 2 2 20 79 6 48 284
348 3 2 2 20 284 48 45 283
349 3 2 2 20 272 284 283 247
350 3 2 2 20 247 283 286 275
351 3 2 2 20 283 45 49 286
352 3 2 2 20 286 49 46 285
353 3 2 2 20 275 286 285 248
354 3 2 2 20 248 285 288 278
355 3 2 2 20 285 46 50 288
356 3 2 2 20 288 50 47 287
357 3 2 2 20 278 288 287 249
358 3 2 2 20 249 287 289 281
359 3 2 2 20 287 47 51 289
360 3 2 2 20 289 51 7 55
361 3 2 2 20 281 289 55 52
$EndElements
